55010.76456451416
55279.51467895508
55257.69339752197
55320.25789642334
54564.05963897705
55141.329498291016
54741.524337768555
54033.39673614502
53725.39308166504
55032.48108673096
54109.74890136719
54189.34629821777
54657.76461029053
54547.071197509766
53359.49997711182
54118.01605987549
53387.972747802734
54653.57942199707
53270.416175842285
54408.606437683105
54337.7592086792
53570.39311981201
53602.40448760986
53747.52146148682
54255.92638397217
52860.688163757324
52932.488525390625
53289.508377075195
53402.83264923096
53563.49075317383
52967.51929473877
52535.78707122803
53291.19143676758
52312.02919769287
53905.28505706787
53095.435066223145
52379.6424407959
52235.13079071045
53562.26072692871
52236.48408508301
52688.34002685547
53298.67739868164
52972.66744232178
51923.53553009033
52125.07646179199
52473.250732421875
52524.26326751709
52365.867111206055
52320.72221374512
52014.05660247803
52769.85291290283
50991.756408691406
52055.93063354492
52367.07222747803
50908.51609039307
50865.10688781738
52077.38207244873
52225.4626083374
51206.04892730713
51302.62954711914
51583.25860595703
51500.35090637207
51407.70482635498
50745.64973449707
51760.585357666016
51760.96950531006
51382.91376495361
50846.52822113037
52435.0731048584
50875.46329498291
50623.04682159424
50542.07222747803
51023.10131072998
51297.1244430542
51439.48921966553
50249.88080596924
50642.44923400879
49802.39228820801
50308.18357086182
50223.68956756592
50801.09763336182
49949.13756561279
50114.53373718262
49329.29228973389
51634.55300140381
49829.68639373779
50558.43947601318
50265.827865600586
50058.675201416016
50458.69409942627
50061.54933929443
49615.670234680176
49477.123191833496
48876.87415313721
49149.537857055664
50063.18978881836
48484.69793701172
49484.14761352539
50044.22408294678
50127.67945098877
