77488.96041870117
72858.84927368164
71221.60111236572
70962.59713745117
68968.3187713623
68495.55303955078
67852.77326965332
67004.65281677246
65455.59223937988
67374.90786743164
65986.24378967285
65996.27632904053
66078.7064743042
66260.23052978516
64406.22635650635
65077.54462432861
64335.89912414551
65312.94995880127
63219.18537902832
64744.68490600586
64383.20411682129
63627.16971588135
63519.061767578125
63437.37370300293
63934.85500335693
62623.33213043213
62895.63652801514
62468.26844024658
62242.71304321289
62483.15503692627
62034.260192871094
61590.17852783203
62192.13391876221
61465.28610992432
62552.91809844971
61559.99230957031
60836.48811340332
61142.986572265625
62431.601470947266
60630.84426879883
60821.083984375
61268.38302612305
61118.55666351318
60348.91851043701
60334.27685546875
60327.33123779297
60529.08930969238
60326.190185546875
60385.721130371094
60042.50023651123
60486.34715270996
59018.102600097656
59622.80027770996
59580.059715270996
58407.4854888916
58204.49231719971
59683.80447387695
59457.93556213379
58170.69364929199
58728.177070617676
58722.91497039795
58613.90686798096
58479.05042266846
57840.916732788086
58645.93963623047
58714.45637512207
58591.064056396484
58039.05319213867
59586.208099365234
57834.001319885254
57281.629470825195
57268.32279205322
57985.963638305664
57899.40117645264
58119.519790649414
56728.24245452881
57583.48023223877
56505.61378479004
57186.68947601318
57066.75688171387
57344.10750579834
56596.87245178223
56607.64944458008
55746.72709655762
58034.03485870361
56303.086769104004
56740.314041137695
56749.881408691406
56681.13011932373
56602.141036987305
56320.78299713135
56194.153869628906
55701.80536651611
55327.42810821533
55311.448081970215
56275.318855285645
54764.82256317139
55461.397689819336
56166.37380218506
56480.92465209961
