46026.96189880371
46474.79839324951
46391.851417541504
46709.2463684082
46007.59023284912
46563.00765991211
46139.290031433105
45827.12837219238
45700.669036865234
46452.56776428223
45865.187271118164
46165.66159820557
46396.2587890625
46381.69528961182
45366.76760101318
46286.61828613281
45684.135650634766
46728.51816558838
45969.63600921631
47155.49253845215
46697.665100097656
46118.89019012451
46521.91522216797
46373.43412017822
46966.59285736084
45430.30487060547
45651.93141937256
46194.196716308594
46381.9281539917
46730.050704956055
46250.04585266113
45727.4704284668
46571.27355957031
45738.93787384033
46985.86462402344
46228.3265914917
45952.4993057251
45949.365562438965
47071.8020401001
45791.52980804443
46551.17475128174
47097.76030731201
46554.16764831543
45724.5221862793
45845.31279754639
46405.922187805176
46550.26502227783
46523.635902404785
46263.31197357178
46187.19741821289
46945.709533691406
45384.545166015625
46296.1198348999
46772.44033050537
45658.09955596924
45363.649841308594
46634.12432861328
46883.459648132324
46291.963806152344
45938.09379577637
46418.91864776611
46691.083351135254
46206.07823181152
45975.10865020752
46937.4387588501
46602.65411376953
46667.261962890625
46007.82678222656
47776.16794586182
46224.069412231445
45913.95785522461
46212.72423553467
46600.22089385986
46509.94469451904
46807.73422241211
46039.8514251709
46182.10977935791
45813.60060882568
46411.65636444092
46168.61674499512
46532.78779602051
45982.0428314209
46245.17601776123
45388.667083740234
47615.10688781738
46137.4467086792
46955.35668182373
46282.543228149414
46567.34925842285
46710.77584838867
46905.782485961914
45964.192611694336
45993.88193511963
45460.7512512207
45779.7484664917
46733.66737365723
45296.18990325928
46467.874183654785
46864.89247131348
46804.8733291626
