287613.7104187012
287566.2544250488
282604.3131713867
287207.56967163086
278873.01626586914
277676.4641723633
278864.9546813965
274032.6164550781
273285.9450683594
273612.2807006836
272967.7112426758
267332.15536499023
267431.8140563965
262690.6421508789
260924.87756347656
259395.50588989258
259540.0284423828
257214.1414794922
254413.78240966797
254978.7930908203
251914.89349365234
250984.90979003906
249681.20254516602
246786.18243408203
246046.17959594727
244812.0260925293
242546.6095275879
240996.8812866211
239770.40390014648
238538.15228271484
238349.50567626953
235053.42358398438
232134.62828063965
238002.17596435547
233047.42440795898
227852.2915649414
230101.83911132812
228864.47927856445
227231.86166381836
225719.71676635742
227417.17098999023
223744.45962524414
221487.36291503906
223622.6515197754
220740.89126586914
219843.1513671875
223654.8575439453
217944.90072631836
215713.4995727539
213805.97467041016
216697.9507446289
209399.03356933594
216261.5398864746
211334.00421142578
211259.51669311523
207963.89169311523
207161.67422485352
208420.34188842773
207427.9303894043
205511.67178344727
204760.87783813477
203308.91024780273
206544.3526611328
202612.767578125
201775.83630371094
202710.55432128906
203125.05270385742
201036.86431884766
201514.19024658203
197361.3372039795
197100.0310974121
197569.7208557129
196892.8026123047
196233.18853759766
193800.50799560547
191982.74871826172
195619.42022705078
194488.62362670898
193476.79412841797
193547.53634643555
189300.11611938477
187029.07415771484
190441.6346282959
186748.15913391113
189567.86172485352
190174.11563110352
189214.1258544922
186686.95349121094
187890.5068359375
185225.4276123047
183813.0832824707
183450.25004577637
181852.96670532227
184132.92233276367
182416.45599365234
183736.0135192871
180888.18411254883
181795.8790283203
180733.70263671875
179372.38177490234
