287308.6096191406
290873.1121520996
284647.6025695801
285775.6856994629
278073.37435913086
277945.79357910156
277558.52365112305
275371.13467407227
270456.2606201172
272562.3172302246
269813.67306518555
267803.76260375977
266338.04678344727
264431.71240234375
262312.68045043945
260767.89224243164
259373.74029541016
258951.52224731445
253449.77893066406
254998.38076782227
254480.56509399414
248798.56274414062
249061.77676391602
248245.91464233398
246303.37741088867
242783.81884765625
243912.47274780273
240230.55905151367
238639.9790649414
237551.52899169922
235995.8112487793
235807.38583374023
234607.16354370117
232646.8133239746
232752.42218017578
229809.98638916016
230676.27502441406
227554.11712646484
226589.03536987305
227852.58514404297
