47651.809562683105
47643.38456726074
47589.657554626465
47741.31864929199
46960.81690979004
47518.0164642334
47054.34120178223
46650.50407409668
46565.62268829346
47205.32328033447
46644.82817077637
46955.92862701416
47214.633712768555
47179.37511444092
46121.23986053467
47002.129570007324
46450.790939331055
47494.59871673584
46613.819732666016
47900.537590026855
47406.229484558105
46868.77784729004
47198.60591125488
46993.69715881348
47594.17263031006
46068.96782684326
46278.09832763672
46837.43128967285
47040.37560272217
47341.66709899902
46798.26268005371
46288.23542022705
47130.48617553711
46245.764099121094
47519.209899902344
46835.17593383789
46417.712310791016
46433.35916137695
47490.415588378906
46349.477210998535
47050.22383880615
47616.746238708496
47119.289962768555
46182.49021911621
46354.39567565918
46916.92005157471
47075.78511047363
46969.66241455078
46668.00087738037
46525.311767578125
47407.33766937256
45737.94560241699
46746.372619628906
47184.93472290039
46034.71723175049
45793.88716888428
47106.212799072266
47329.75978088379
46654.24913024902
46366.32549285889
46806.171531677246
47017.01084899902
46650.175117492676
46301.98000335693
47273.488677978516
47019.97459411621
47022.78253173828
46408.61472320557
48115.552307128906
46532.21666717529
46225.12284088135
46478.96806335449
46909.81855773926
46939.365867614746
47180.086097717285
46325.08598327637
46547.47660827637
46088.02564239502
46649.59419250488
46514.63943481445
46852.20886993408
46262.480712890625
46496.407135009766
45700.95407104492
47906.5588684082
46459.57034301758
47193.18664550781
46603.60576629639
46816.86557006836
47000.19380950928
47090.158866882324
46216.86700439453
46188.55360412598
45747.55330657959
45987.25685882568
46948.84712982178
45556.468894958496
46634.85884857178
47110.27663421631
47023.9730796814
