45757.42189788818
46329.880683898926
46198.85765838623
46578.10536193848
45870.45181274414
46424.28402709961
46005.49053955078
45727.71089172363
45588.903465270996
46330.15424346924
45765.800384521484
46057.486907958984
46298.880699157715
46285.51932525635
45263.629051208496
46206.54553985596
45618.83232116699
46626.15283203125
45888.1146774292
47102.99108123779
46624.221450805664
46039.389793395996
46479.29049682617
46333.602783203125
46884.23554992676
45370.16555786133
45573.792404174805
46113.53146362305
46310.93846130371
46647.13271331787
46189.825134277344
45663.59100341797
46521.31357574463
45684.91806793213
46937.18028259277
46167.04050445557
45905.17882537842
45873.63960266113
47032.64931488037
45752.88419342041
46510.105461120605
47061.159355163574
46510.3786315918
45698.707664489746
45810.836975097656
46356.969230651855
46513.11388397217
46482.98509979248
46217.84419250488
46168.81872558594
46903.86752319336
45332.26475524902
46233.07822418213
46736.29154968262
45598.21423339844
45349.01410675049
46586.65516662598
46864.56620788574
46249.75255584717
45909.058013916016
46398.93907165527
46659.852043151855
46162.34738922119
45962.54236602783
46904.79775238037
46571.57817840576
46641.89441680908
45956.89610290527
47756.83204650879
46198.49555969238
45905.56561279297
46184.02349090576
46566.16233062744
46463.11019897461
46785.683334350586
46008.62141418457
46145.37731933594
45804.00811767578
46388.32945251465
46153.71439361572
46505.655532836914
45964.07950592041
46217.899169921875
45358.65312194824
47576.54332733154
46109.163887023926
46944.825187683105
46266.44179534912
46540.706481933594
46688.1058883667
46888.1841506958
45942.14855194092
45991.47639465332
45434.290588378906
45756.714294433594
46715.63185882568
45269.89023590088
46464.34789276123
46853.039070129395
46786.162521362305
