28168553.048828125
8287867.1376953125
5523777.6123046875
4019545.6821289062
3040485.8364257812
2539020.614013672
2201073.2021484375
1951470.0556640625
1774178.9916992188
1612282.66015625
1495508.8845214844
1401616.9189453125
1315875.3399658203
1251109.1015625
1191808.889038086
1124878.2099609375
1082096.0676269531
1017791.6895751953
990499.0413818359
929298.2919921875
906675.7890625
871977.5454101562
846232.0888671875
823350.2183837891
799096.4956054688
763600.3461914062
745351.7062988281
736521.5908203125
716388.0077514648
692420.6832275391
683317.0406494141
658593.1638183594
650637.5979614258
640004.9970703125
622600.5248413086
620684.5015258789
600030.4729614258
600114.6152954102
580361.3041992188
578255.928894043
563324.8731079102
553962.2705688477
544535.5417480469
541693.2269287109
533057.3318481445
521723.1594848633
510221.7077636719
501449.4241333008
499703.3811035156
490443.4510498047
489022.2878417969
473996.23974609375
470243.8510131836
464730.01959228516
454556.5289916992
454319.2999267578
447203.2381591797
444428.8688354492
429550.26263427734
430086.98107910156
431643.45391845703
417402.8490905762
412649.55755615234
406347.3299255371
397316.39392089844
388319.66638183594
391018.7802734375
383488.6676635742
374328.2956542969
376504.6305541992
366166.7099914551
372393.52227783203
361842.7805786133
358594.7667541504
358039.5059814453
350800.64068603516
353548.58361816406
348941.77166748047
342441.0924987793
347908.5471801758
337670.9862060547
336516.1725769043
330732.2843322754
330082.44805908203
330649.9507141113
327826.20611572266
324792.59411621094
320370.50390625
316479.55810546875
317523.00604248047
308615.0162963867
312647.2104187012
306380.4906921387
306240.86755371094
299329.6392211914
302615.42810058594
302216.1034851074
294342.3783874512
295141.81072998047
292165.70193481445
