286431.93838500977
286446.9851989746
280566.5867919922
282010.9523010254
281192.64208984375
276818.5057067871
275670.3400878906
274853.73428344727
271695.83920288086
272766.88360595703
271380.7658691406
265600.5073547363
264058.1192626953
258373.76162719727
264665.8827819824
264529.4753417969
260794.11456298828
257742.5493774414
257552.6636352539
253397.66934204102
253356.00457763672
250418.04495239258
248727.92169189453
243740.87377929688
246979.7873840332
247211.3776550293
242776.65939331055
244446.20791625977
238400.74465942383
241046.96423339844
237111.3857421875
235315.58087158203
234422.5481262207
233606.40939331055
232573.66207885742
229510.82705688477
229894.81021118164
229084.49920654297
228682.6166381836
226239.1571044922
223729.9754638672
223448.16607666016
221421.08767700195
221490.9382019043
224963.40850830078
223094.1100769043
215869.11135864258
221708.20065307617
215792.7756652832
213368.8464050293
213699.2417602539
216264.76306152344
216440.17868041992
213039.48123168945
210934.84893798828
209869.40295410156
217222.1474609375
207502.0985107422
207003.60821533203
226362.8416442871
206174.2209777832
208084.05360412598
201456.71781921387
204095.85223388672
202720.2647705078
204776.05752563477
200421.4359741211
200083.79583740234
200267.76916503906
195354.69104003906
196128.39251708984
197686.3486328125
197199.75344848633
195287.90115356445
194401.11639404297
194096.71087646484
194999.60061645508
191867.01153564453
187508.50756835938
194846.51803588867
194010.01824951172
188185.6270904541
188373.18370056152
190678.0647277832
183183.4245300293
188474.74166870117
186842.8115234375
182210.44592285156
190096.03939819336
184620.28341674805
183849.2719116211
186095.12773132324
183569.70445251465
182254.5802307129
182358.19744873047
189739.98873901367
179382.74090576172
179448.4400024414
179569.7930908203
179603.7771911621
