177622.52165222168
178579.17756652832
181497.37367248535
175627.9783782959
176728.1081237793
178235.86856079102
173369.52368164062
176786.1506500244
171716.2036743164
168493.74862670898
179454.2442626953
169831.21670532227
170515.87658691406
179207.21253967285
169917.9348602295
193564.79010009766
170086.5058441162
232187.82737731934
168999.5850830078
167275.22982788086
167194.19802856445
162719.72930908203
167004.27070617676
164273.45063781738
163670.79258728027
163077.4512939453
165832.1875
160945.36727905273
162725.99783325195
180595.7445526123
164679.4323577881
163090.11796569824
158175.11109924316
163541.78889465332
163801.93544006348
161476.70497131348
159811.74269104004
155296.47453308105
159535.73860168457
178428.82962036133
160547.80642700195
157103.394241333
163979.04220581055
156676.70587158203
172242.65589904785
170713.3281097412
155407.3221282959
154747.60528564453
151127.00689697266
157157.69883728027
153563.48725891113
149226.94718933105
173408.66088867188
152126.5525817871
151616.5691833496
180571.4543609619
154043.18687438965
149481.24798583984
153438.3098602295
150645.19807434082
150362.4356994629
150519.67262268066
169910.90524291992
150356.1056213379
148722.51177978516
161697.1007385254
149000.98294067383
148387.10647583008
155394.38241577148
144336.06001281738
146026.0170135498
145521.51318359375
145819.59326171875
144025.24807739258
144634.28288269043
144422.37869262695
145933.71057128906
142074.93173217773
141902.91986083984
156717.4821624756
146673.28170776367
143102.63459777832
139955.8638305664
170238.72830200195
140840.8882598877
143606.0514831543
141963.21545410156
136861.33052062988
140575.97610473633
148500.99879455566
139399.62734985352
155884.03202819824
145283.85719299316
138587.07138061523
141322.69424438477
136429.18612670898
139005.65293884277
134631.32159423828
137056.32098388672
136864.73390197754
