83247.87996673584
56228.70726776123
54435.0969543457
53553.196212768555
53086.10816192627
52981.7159576416
53053.278953552246
53096.68822479248
51517.00436401367
51470.0248336792
51857.85510253906
51485.950744628906
50523.76010131836
61711.21083831787
50254.995613098145
51549.086753845215
49979.0251083374
64827.30502319336
49452.71463775635
49104.130599975586
49091.63621520996
49918.82320404053
49179.33737182617
49297.31209564209
48653.42378234863
48571.21186828613
74295.3247756958
49377.68740081787
47958.07154083252
50927.24705505371
48896.60469818115
49336.85671234131
47736.06418609619
47263.22080993652
171398.9747314453
49109.85354614258
46868.77674102783
46701.13439178467
47790.90660858154
62918.3030090332
50532.94607543945
47214.61729431152
47814.019676208496
47598.13220977783
47365.88471984863
46129.38887786865
46183.581687927246
46353.7322845459
46465.18532562256
46829.96545410156
46144.44376373291
46282.312423706055
46084.271980285645
45658.28284454346
45746.82152557373
45189.88943481445
46072.780517578125
66476.3440246582
128803.18505096436
45944.53927612305
45671.523376464844
45755.90865325928
47166.41017150879
45502.89492034912
45915.98085784912
45369.647285461426
44769.07092285156
45497.90726470947
44532.16596984863
44447.320083618164
55658.03372192383
44348.90982055664
44977.165939331055
44046.11022949219
44523.39868927002
44585.96733856201
44831.259437561035
44671.14749145508
45457.94634246826
44781.77974700928
44377.22756195068
44168.993309020996
44422.07891845703
44267.220222473145
43637.83963012695
45310.31742095947
43397.50062561035
42444.21085357666
44816.40782928467
44342.428771972656
43133.88683319092
217966.4677886963
43820.22994232178
43281.48122406006
43081.60195159912
43275.41337585449
43256.19387054443
42710.53430175781
43153.00109100342
43596.009353637695
