24242977.76953125
7726711.4541015625
4999259.9560546875
3437192.0375976562
2658187.5395507812
2253413.8049316406
1973452.8569335938
1782922.3562011719
1606268.1875
1476254.9328613281
1356514.3083496094
1275170.521850586
1176977.4235839844
1119248.7337646484
1068387.6728515625
1017058.84375
982142.4797363281
941381.9967041016
884144.662109375
855099.8156738281
825264.6928710938
799156.1989746094
764675.0899658203
759987.4376831055
730757.1014404297
708288.8889160156
693103.9862060547
669892.7365722656
648395.2026977539
645227.417175293
635139.1065063477
617445.2931518555
603228.9535522461
591550.5576782227
577485.127746582
573112.2711791992
566306.0173339844
553578.7567749023
545427.1052246094
532418.5682373047
526161.5812988281
511623.0871582031
507636.90100097656
503877.0036621094
487162.59271240234
475303.5916748047
467047.3333129883
466241.71185302734
457030.68688964844
453310.3626098633
442556.09924316406
438689.52517700195
434468.6135864258
433448.4605102539
427763.4110107422
420039.27990722656
414977.07733154297
412386.29400634766
405473.46618652344
404033.0346069336
399485.3741455078
393964.34439086914
390446.53845214844
386961.2989501953
388019.0944213867
385752.8405761719
378751.90313720703
382087.1781616211
370451.6632080078
361564.26358032227
359950.03646850586
359648.6770324707
355824.5810546875
355581.94842529297
352873.5537109375
348145.88119506836
348110.6255493164
343024.36126708984
342717.4793701172
337811.2013244629
333389.49209594727
330555.97299194336
328599.5776062012
325754.701751709
320215.5285644531
324365.04528808594
316126.77850341797
317096.49572753906
317139.44161987305
311550.81103515625
311808.18267822266
303572.4242858887
306805.61196899414
301398.6725463867
303584.9200744629
299050.2276916504
289091.60247802734
293554.9695739746
288409.29498291016
289900.35946655273
