42378.47632598877
42108.419860839844
41292.09265899658
41621.064682006836
41466.84646606445
41638.49011230469
41769.32822418213
45394.20497131348
41395.261726379395
41112.65831756592
41873.4397354126
41862.890449523926
41132.84484100342
85180.58116912842
40981.4679107666
54887.202140808105
41549.28299713135
63915.25254058838
41329.450019836426
41166.88877868652
40670.339027404785
41719.51837158203
44151.14823150635
41495.604347229004
40932.11209869385
40869.19351196289
49625.41035461426
42406.9334564209
40777.130432128906
45940.04849243164
41966.97918701172
42519.0559463501
40851.93306732178
40680.08543395996
169007.56329345703
46697.25255584717
40521.24451828003
70900.48011016846
41609.09420776367
45778.75938415527
44956.2448387146
41010.11567687988
41837.17420196533
41791.29398345947
41520.68267059326
40790.90188598633
40727.534423828125
40773.20262527466
40916.38097381592
41536.5198059082
40853.136375427246
42354.65724182129
41135.8994140625
40934.94462585449
40352.37324523926
40285.989265441895
41163.84645462036
77278.86550140381
142407.41387939453
41303.419982910156
40684.74433898926
41155.77074432373
41746.840911865234
41254.701988220215
41453.44989776611
41129.87185668945
40739.57652282715
41396.09784698486
40395.61769104004
40599.57392120361
43848.4573059082
40743.137199401855
41417.01389312744
40386.759338378906
40985.01551437378
41775.74647521973
41140.900466918945
41094.92811584473
44701.544372558594
41230.53271484375
40916.41389465332
40653.97859954834
41515.2663269043
41096.16632080078
40575.86209106445
42165.36315917969
40534.01808166504
39537.01247406006
41786.995933532715
41353.66988372803
40411.19736480713
269894.72900390625
41153.93608856201
40451.72443008423
40362.43119049072
40745.612716674805
40676.46381378174
40341.69828796387
40612.800468444824
41291.47341156006
